tag,place,user
"""been""","Lizard, UK",Willowray
"""been""","Gananoque, Ontario, Canada",Willowray
"""been""","Rowland Flat, Australia",Willowray
"""been""","Braithwaite, UK",Willowray
"""been""","Kuala Lumpur, Malaysia",Willowray
"""been""","Beatty, NV, USA",Willowray
"""been""","Pipiriki, New Zealand",Willowray
"""been"",""fave""","Browns Bay, New Zealand",Willowray
"""been""","Marazion, UK",Willowray
"""been""","St Austell, UK",Willowray
"""been""","Gretna, UK",Willowray
"""been""","Tuscaloosa, AL, USA",Willowray
"""been""","Lower Hutt, New Zealand",Willowray
"""been""","Genoa, Italy",Willowray
"""been""","Plymouth, MA, USA",Willowray
"""been""","Silverdale, New Zealand",Willowray
"""been""","Williams, AZ, USA",Willowray
"""been""","Lawndale, CA, USA",Willowray
"""been""","Wall, SD, USA",Willowray
"""want""","Neiafu, Tonga",Willowray
"""been""","Merimbula, Australia",Willowray
"""been""","Takapuna, New Zealand",Willowray
"""been"",""fave""","Craigleith, Ontario, Canada",Willowray
"""been""","Kiama, Australia",Willowray
"""been""","Waldorf, MD, USA",Willowray
"""been""","Essaouira, Morocco",Willowray
"""been""","Kennebunk, ME, USA",Willowray
"""been""","Ridgecrest, CA, USA",Willowray
"""been""","Zihuatanejo, Mexico",Willowray
"""been""","Kittery, ME, USA",Willowray
"""been""","Ann Arbor, MI, USA",Willowray
"""been""","Savusavu, Fiji",Willowray
"""been""","La Cadiere d'Azur, France",Willowray
"""been""","Deadhorse, AK, USA",Willowray
"""been""","Lake Placid, NY, USA",Willowray
"""been""","Niagara Falls, NY, USA",Willowray
"""been""","Blackheath, Australia",Willowray
"""been""","Kohimarama, New Zealand",Willowray
"""been""","Port Augusta, Australia",Willowray
"""been""","Stratford, New Zealand",Willowray
"""been""","Te Awamutu, New Zealand",Willowray
"""been""","Camden, ME, USA",Willowray
"""been""","Rocky Mount, NC, USA",Willowray
"""been""","Levuka, Fiji",Willowray
"""been""","Oklahoma City, OK, USA",Willowray
"""been""","Ross, New Zealand",Willowray
"""been""","Austin, MN, USA",Willowray
"""been""","Alexandra, New Zealand",Willowray
"""been""","Foxton, New Zealand",Willowray
"""been""","Paeroa, New Zealand",Willowray
"""been""","Bluff, New Zealand",Willowray
"""been""","Wauwatosa, WI, USA",Willowray
"""been""","Matamata, New Zealand",Willowray
"""been""","Sioux Falls, SD, USA",Willowray
"""been""","Grants Pass, OR, USA",Willowray
"""been""","Tetouan, Morocco",Willowray
"""been""","Belleville, MI, USA",Willowray
"""been""","Goolwa, Australia",Willowray
"""been""","George Town, Malaysia",Willowray
"""been""","Pulborough, UK",Willowray
"""been""","Reporoa, New Zealand",Willowray
"""been""","Paekakariki, New Zealand",Willowray
"""been""","Minlaton, Australia",Willowray
"""been""","Moeraki, New Zealand",Willowray
"""been""","Berry, Australia",Willowray
"""been""","Lumut, Malaysia",Willowray
"""been""","Eastbourne, UK",Willowray
"""been""","Ringlet, Malaysia",Willowray
"""been""","Poole, UK",Willowray
"""been""","York, UK",Willowray
"""been""","Cambridge, UK",Willowray
"""been""","Bowral, Australia",Willowray
"""been""","Cadiz, Spain",Willowray
"""been""","Bristol, UK",Willowray
"""been""","Burlington, Ontario, Canada",Willowray
"""been""","Aoraki Mount Cook National Park (Te Wahipounamu), New Zealand",Willowray
"""been""","Whakatane, New Zealand",Willowray
"""been""","Marbella, Spain",Willowray
"""been""","Washington DC, DC, USA",Willowray
"""been""","Malaga, Spain",Willowray
"""been""","Dubbo, Australia",Willowray
"""been""","McLaren Vale, Australia",Willowray
"""been""","Huntly, New Zealand",Willowray
"""been""","Mannum, Australia",Willowray
"""been""","Daytona Beach, FL, USA",Willowray
"""been""","Hahndorf, Australia",Willowray
"""been""","Chefchaouen, Morocco",Willowray
"""been""","Bangor, ME, USA",Willowray
"""been""","Port Macquarie, Australia",Willowray
"""been""","Troon, UK",Willowray
"""been""","Liverpool, UK",Willowray
"""been""","Langkawi, Malaysia",Willowray
"""been""","Concord, NH, USA",Willowray
"""been""","Blackpool, UK",Willowray
"""been""","Windermere, UK",Willowray
"""been""","Seremban, Malaysia",Willowray
"""been"",""fave""","London, UK",Willowray
"""been""","Oamaru, New Zealand",Willowray
"""been""","Nelson, New Zealand",Willowray
"""been""","Broken Hill, Australia",Willowray
"""been""","Yeppoon, Australia",Willowray
"""been""","Peterborough, Australia",Willowray
"""been""","Barrow-in-Furness, UK",Willowray
"""been""","Barnstaple, UK",Willowray
"""been""","Weldon, NC, USA",Willowray
"""been"",""fave""","Bowness-on-Windermere, UK",Willowray
"""been""","Montgomery, AL, USA",Willowray
"""been""","Pisa, Italy",Willowray
"""been""","Kiel, Germany",Willowray
"""been""","Cockermouth, UK",Willowray
"""been""","Flensburg, Germany",Willowray
"""been""","Florence, Italy",Willowray
"""been""","North Shore, New Zealand",Willowray
"""been""","Kingsland, GA, USA",Willowray
"""been""","Keswick, UK",Willowray
"""been""","Auburn, NY, USA",Willowray
"""been""","Victor Harbor, Australia",Willowray
"""been""","Coonawarra, Australia",Willowray
"""been""","Whyalla, Australia",Willowray
"""been""","Kadina, Australia",Willowray
"""been""","Jamestown, Australia",Willowray
"""been""","Thirsk, UK",Willowray
"""been""","Manchester, NH, USA",Willowray
"""been""","Hamilton & Waikato Region, New Zealand",Willowray
"""been""","Dover, UK",Willowray
"""been""","Pikeville, KY, USA",Willowray
"""been""","Weymouth, UK",Willowray
"""been""","London, Ontario, Canada",Willowray
"""been""","Roosendaal, The Netherlands",Willowray
"""been""","Mississauga, Ontario, Canada",Willowray
"""been""","Woburn, MA, USA",Willowray
"""been"",""fave""","Niagara Falls, Ontario, Canada",Willowray
"""been""","Valencia, Spain",Willowray
"""been""","Mudgee, Australia",Willowray
"""been""","Millicent, Australia",Willowray
"""been""","Casablanca, Morocco",Willowray
"""been""","Boise, ID, USA",Willowray
"""been""","Fes, Morocco",Willowray
"""been""","Marrakech, Morocco",Willowray
"""been""","Rabat, Morocco",Willowray
"""been""","Nuriootpa, Australia",Willowray
"""been""","Tangier, Morocco",Willowray
"""been""","Moonta, Australia",Willowray
"""been""","Hepburn Springs, Australia",Willowray
"""been""","Huskisson, Australia",Willowray
"""been""","Whangamata, New Zealand",Willowray
"""been""","Hay, Australia",Willowray
"""been""","Blacktown, Australia",Willowray
"""been""","Waitomo Caves, New Zealand",Willowray
"""been""","Fort William, UK",Willowray
"""been""","Worcester, UK",Willowray
"""been""","Hereford, UK",Willowray
"""been""","Inverness, UK",Willowray
"""been""","Gibraltar, Europe",Willowray
"""been""","Bideford, UK",Willowray
"""been""","Te Kuiti, New Zealand",Willowray
"""been"",""fave""","Whangaparaoa, New Zealand",Willowray
"""been""","Turangi, New Zealand",Willowray
"""been""","Gettysburg, PA, USA",Willowray
"""been""","Memphis, TN, USA",Willowray
"""been""","Warrnambool, Australia",Willowray
"""been""","Milford Sound, New Zealand",Willowray
"""been""","Aberystwyth, UK",Willowray
"""been""","Invercargill, New Zealand",Willowray
"""been"",""fave""","Otorohanga, New Zealand",Willowray
"""want""","Pago Pago, American Samoa",Willowray
"""been"",""fave""","Chipping Sodbury, UK",Willowray
"""been""","Queenstown, New Zealand",Willowray
"""been""","Westport, New Zealand",Willowray
"""been""","Kalgoorlie-Boulder, Australia",Willowray
"""been""","Bowen, Australia",Willowray
"""been""","Te Anau, New Zealand",Willowray
"""been""","Thames, New Zealand",Willowray
"""been""","Port Vincent, Australia",Willowray
"""been""","Palmerston North, New Zealand",Willowray
"""been""","Auckland, New Zealand",Willowray
"""been""","Devonport, New Zealand",Willowray
"""been""","Cheyenne, WY, USA",Willowray
"""been""","Tanunda, Australia",Willowray
"""been""","Gerringong, Australia",Willowray
"""been""","Melaka, Malaysia",Willowray
"""been""","Feilding, New Zealand",Willowray
"""been""","Glasgow, UK",Willowray
"""been"",""fave""","Siem Reap, Cambodia",Willowray
"""been""","Medford, OR, USA",Willowray
"""been""","Louisville, KY, USA",Willowray
"""been""","Gundagai, Australia",Willowray
"""been""","Bangkok, Thailand",Willowray
"""been""","Rock Springs, WY, USA",Willowray
"""been""","Chiang Mai, Thailand",Willowray
"""been""","Santiago de Compostela, Spain",Willowray
"""been""","Windsor, UK",Willowray
"""been""","Durango, CO, USA",Willowray
"""been""","Pattaya, Thailand",Willowray
"""been""","Paihia, New Zealand",Willowray
"""been""","Eton, UK",Willowray
"""been""","St. Marys, GA, USA",Willowray
"""been""","Lakes Entrance, Australia",Willowray
"""been""","New Plymouth, New Zealand",Willowray
"""been""","Ceuta, Spain",Willowray
"""been""","Wallaroo, Australia",Willowray
"""been""","Rotorua, New Zealand",Willowray
"""been""","Sale, Australia",Willowray
"""been""","Tauranga, New Zealand",Willowray
"""been""","Rutland, VT, USA",Willowray
"""been""","Mildura, Australia",Willowray
"""been""","Taupo, New Zealand",Willowray
"""been""","Wellington, New Zealand",Willowray
"""been""","Beni Mellal, Morocco",Willowray
"""been""","Blanes, Spain",Willowray
"""been""","Christchurch, New Zealand",Willowray
"""been""","Khenifra, Morocco",Willowray
"""been""","Blenheim, New Zealand",Willowray
"""been""","Dunedin, New Zealand",Willowray
"""been""","Dannevirke, New Zealand",Willowray
"""been""","Klamath Falls, OR, USA",Willowray
"""been""","Johor Bahru, Malaysia",Willowray
"""been""","Birmingham, UK",Willowray
"""been""","Edmundston, New Brunswick, Canada",Willowray
"""been""","Silkeborg, Denmark",Willowray
"""been""","Pantai Cenang, Malaysia",Willowray
"""been""","Truro, UK",Willowray
"""been""","Idaho Falls, ID, USA",Willowray
"""been""","Mangere, New Zealand",Willowray
"""been""","Long Key, FL, USA",Willowray
"""been""","Glenelg, Australia",Willowray
"""been""","Toowoomba, Australia",Willowray
"""been""","Richmond, VA, USA",Willowray
"""been""","Saint John, New Brunswick, Canada",Willowray
"""been""","Edinburgh, UK",Willowray
"""been""","Mount Gambier, Australia",Willowray
"""been""","Melbourne, Australia",Willowray
"""been""","Phnom Penh, Cambodia",Willowray
"""been""","Perth, Australia",Willowray
"""been""","Launceston, Australia",Willowray
"""been""","Ballarat, Australia",Willowray
"""been""","Kingston, New Zealand",Willowray
"""been""","Auckland Central, New Zealand",Willowray
"""been""","Napier, New Zealand",Willowray
"""been""","Hamilton, New Zealand",Willowray
"""been""","Byron Bay, Australia",Willowray
"""been""","Elmhurst, NY, USA",Willowray
"""been""","Moncton, New Brunswick, Canada",Willowray
"""been""","Gosforth, UK",Willowray
"""been""","Little Rock, AR, USA",Willowray
"""want""","Bandar Seri Begawan, Brunei Darussalam",Willowray
"""been""","New York City, NY, USA",Willowray
"""been""","Queanbeyan, Australia",Willowray
"""been""","Sale, Morocco",Willowray
"""been""","Gretna Green, UK",Willowray
"""been""","Tamworth, Australia",Willowray
"""been""","Santa Monica, CA, USA",Willowray
"""been""","Wollongong, Australia",Willowray
"""been""","Santa Maria, CA, USA",Willowray
"""been""","Coolangatta, Australia",Willowray
"""been""","Newby Bridge, UK",Willowray
"""been""","Mackay, Australia",Willowray
"""been""","Newcastle, WY, USA",Willowray
"""been""","Chalons-en-Champagne, France",Willowray
"""been""","Nimes, France",Willowray
"""been""","Rochester, NY, USA",Willowray
"""been""","Chiang Rai, Thailand",Willowray
"""been""","Cessnock, Australia",Willowray
"""been""","Levin, New Zealand",Willowray
"""been""","Weott, CA, USA",Willowray
"""been""","Fern Park, FL, USA",Willowray
"""been""","Nampa, ID, USA",Willowray
"""been""","Maroochydore, Australia",Willowray
"""been""","Titusville, FL, USA",Willowray
"""been""","San Diego, CA, USA",Willowray
"""been""","Maleny, Australia",Willowray
"""been""","Kanchanaburi, Thailand",Willowray
"""been""","Pompano Beach, FL, USA",Willowray
"""been""","Amberley, New Zealand",Willowray
"""been""","Plymouth, NH, USA",Willowray
"""been""","Pikeville, TN, USA",Willowray
"""been""","Krabi Town, Thailand",Willowray
"""been""","Ospedaletti, Italy",Willowray
"""been""","Fowey, UK",Willowray
"""been""","Sorrento, Australia",Willowray
"""been""","Arthur's Pass National Park, New Zealand",Willowray
"""been""","Amsterdam, The Netherlands",Willowray
"""been""","Paris, France",Willowray
"""been""","Portsmouth, UK",Willowray
"""been""","Laramie, WY, USA",Willowray
"""been""","Boston, MA, USA",Willowray
"""been""","Custer, SD, USA",Willowray
"""been""","New Orleans, LA, USA",Willowray
"""been""","Cronulla, Australia",Willowray
"""been""","Proserpine, Australia",Willowray
"""been""","Parkersburg, WV, USA",Willowray
"""been""","Temuka, New Zealand",Willowray
"""been""","Grand Falls, New Brunswick, Canada",Willowray
"""been""","Mt. Cook Village, New Zealand",Willowray
"""been""","Surat Thani, Thailand",Willowray
"""been""","Tupelo, MS, USA",Willowray
"""been""","Marseille, France",Willowray
"""been""","Freeport, NY, USA",Willowray
"""been""","Walney, UK",Willowray
"""been""","Marion Bay, Australia",Willowray
"""been""","Mosgiel, New Zealand",Willowray
"""been""","Reims, France",Willowray
"""been""","Painswick, UK",Willowray
"""been""","Toulon, France",Willowray
"""been""","Otaki, New Zealand",Willowray
"""been""","Denarau Island, Fiji",Willowray
"""been""","Cape Canaveral, FL, USA",Willowray
"""been""","Tawa, New Zealand",Willowray
"""been""","San Luis Obispo, CA, USA",Willowray
"""been""","St. Augustine, FL, USA",Willowray
"""been""","Fort Pierce, FL, USA",Willowray
"""been""","Flagstaff, AZ, USA",Willowray
"""been""","York, PA, USA",Willowray
"""been""","Raumati Beach, New Zealand",Willowray
"""been""","San Jose, CA, USA",Willowray
"""been""","Battambang, Cambodia",Willowray
"""been"",""fave""","Carmel, CA, USA",Willowray
"""been""","Madison, WI, USA",Willowray
"""been""","Cortez, CO, USA",Willowray
"""been""","Newport, RI, USA",Willowray
"""been""","Dalton-in-Furness, UK",Willowray
"""been""","Hastings, UK",Willowray
"""been""","Saint-Tropez, France",Willowray
"""been""","Newcastle upon Tyne, UK",Willowray
"""been"",""fave""","Brighton, UK",Willowray
"""been""","Fremantle, Australia",Willowray
"""been""","Picton, New Zealand",Willowray
"""been""","Akaroa, New Zealand",Willowray
"""been""","Kansas City, KS, USA",Willowray
"""been""","Marathon, FL, USA",Willowray
"""been""","Montpelier, VT, USA",Willowray
"""been""","Whanganui, New Zealand",Willowray
"""been""","Fort Lauderdale, FL, USA",Willowray
"""been""","Key West, FL, USA",Willowray
"""been""","Greymouth, New Zealand",Willowray
"""been""","Naples, FL, USA",Willowray
"""been""","Florida City, FL, USA",Willowray
"""been""","Whangarei, New Zealand",Willowray
"""been""","Kaikoura, New Zealand",Willowray
"""been""","Key Largo, FL, USA",Willowray
"""been""","Hokitika, New Zealand",Willowray
"""been""","Burlington, VT, USA",Willowray
"""been""","Chino Valley, AZ, USA",Willowray
"""been""","Greenlane, New Zealand",Willowray
"""been""","Thredbo Village, Australia",Willowray
"""been""","Moab, UT, USA",Willowray
"""been""","Charleston, SC, USA",Willowray
"""been""","The Entrance, Australia",Willowray
"""been""","Bournemouth, UK",Willowray
"""been""","Sainte-Maxime, France",Willowray
"""been""","Nice, France",Willowray
"""been""","Monte-Carlo, Monaco",Willowray
"""been""","Adelaide, Australia",Willowray
"""been""","Twin Falls, ID, USA",Willowray
"""been""","Aarhus, Denmark",Willowray
"""been""","Hayman Island, Australia",Willowray
"""been""","Oxford, New Zealand",Willowray
"""been""","Hamilton Island, Australia",Willowray
"""been""","Sete, France",Willowray
"""been""","Santa Fe, NM, USA",Willowray
"""been""","San Francisco, CA, USA",Willowray
"""been""","Mount Laurel, NJ, USA",Willowray
"""been""","Mangakino, New Zealand",Willowray
"""been""","Cagnes-sur-Mer, France",Willowray
"""been""","Middelfart, Denmark",Willowray
"""been"",""fave""","Bath, UK",Willowray
"""been""","Odense, Denmark",Willowray
"""been""","Mooloolaba, Australia",Willowray
"""been""","Torquay, UK",Willowray
"""been""","Plymouth, UK",Willowray
"""been""","Riverview, New Brunswick, Canada",Willowray
"""been""","Bruges, Belgium",Willowray
"""been""","Cannes, France",Willowray
"""been""","Amarillo, TX, USA",Willowray
"""been""","Kumeu, New Zealand",Willowray
"""been""","Surfers Paradise, Australia",Willowray
"""been""","Jerome, AZ, USA",Willowray
"""been""","Ayutthaya, Thailand",Willowray
"""been""","Brooklyn, NY, USA",Willowray
"""been""","Fairbanks, AK, USA",Willowray
"""been""","Tachilek, Myanmar",Willowray
"""been""","Providence, RI, USA",Willowray
"""been""","Raglan, New Zealand",Willowray
"""been""","Fredericksburg, VA, USA",Willowray
"""been""","Crescent City, CA, USA",Willowray
"""been""","Penzance, UK",Willowray
"""been""","Oxford, UK",Willowray
"""been""","Lower Wick, UK",Willowray
"""been""","Folkestone, UK",Willowray
"""been""","South West Rocks, Australia",Willowray
"""been""","Miami Beach, FL, USA",Willowray
"""been""","Tanah Rata, Malaysia",Willowray
"""been""","Bilbao, Spain",Willowray
"""been""","Fawkner, Australia",Willowray
"""been""","St Ives, UK",Willowray
"""been""","Sheffield, UK",Willowray
"""been""","Miami, FL, USA",Willowray
"""been""","Baltimore, MD, USA",Willowray
"""been""","Silverton, Australia",Willowray
"""been""","Tampa, FL, USA",Willowray
"""been""","Petersburg, VA, USA",Willowray
"""been""","Healesville, Australia",Willowray
"""been""","Wagga Wagga, Australia",Willowray
"""been""","Tallahassee, FL, USA",Willowray
"""been""","Melbourne, FL, USA",Willowray
"""been""","Lismore, Australia",Willowray
"""been"",""fave""","Leura, Australia",Willowray
"""been""","Brisbane, Australia",Willowray
"""been""","Gore, New Zealand",Willowray
"""been""","Fort Smith, AR, USA",Willowray
"""been""","Savannah, GA, USA",Willowray
"""been""","Tullamarine, Australia",Willowray
"""been""","Port Hughes, Australia",Willowray
"""been""","Whitianga, New Zealand",Willowray
"""want""","Johannesburg, South Africa",Willowray
"""been""","Looe, UK",Willowray
"""been""","Forster, Australia",Willowray
"""been""","Katoomba, Australia",Willowray
"""been""","Falmouth, UK",Willowray
"""been""","Jindabyne, Australia",Willowray
"""been""","Laon, France",Willowray
"""been""","Berlin, Germany",Willowray
"""been"",""fave""","Chester, UK",Willowray
"""been""","Matecumbe Key, FL, USA",Willowray
"""been""","Sydney, Australia",Willowray
"""been""","Arrowtown, New Zealand",Willowray
"""been""","Aix-en-Provence, France",Willowray
"""been""","Canberra, Australia",Willowray
"""been""","Eureka, CA, USA",Willowray
"""been""","Beaufort, SC, USA",Willowray
"""been""","Newquay, UK",Willowray
"""been""","Coffs Harbour, Australia",Willowray
"""been""","Riverton, New Zealand",Willowray
"""been""","Tuba City, AZ, USA",Willowray
"""been""","Jacksonville, FL, USA",Willowray
"""been""","North Myrtle Beach, SC, USA",Willowray
"""want""","Noumea, New Caledonia",Willowray
"""been""","Cambridge, New Zealand",Willowray
"""been""","Zion National Park, UT, USA",Willowray
"""been""","Keystone, SD, USA",Willowray
"""been""","Wanaka, New Zealand",Willowray
"""been""","Chur, Switzerland",Willowray
"""been""","Putaruru, New Zealand",Willowray
"""been""","Porto, Portugal",Willowray
"""been""","Hanmer Springs, New Zealand",Willowray
"""been""","Montreal, Quebec, Canada",Willowray
"""been"",""fave""","Quebec City, Quebec, Canada",Willowray
"""been""","Saint Arnaud, New Zealand",Willowray
"""been""","Padstow, UK",Willowray
"""been""","Richmond, Australia",Willowray
"""want""","Funafuti, Tuvalu",Willowray
"""been""","Kuwait City, Kuwait",Willowray
"""been""","Piopio, New Zealand",Willowray
"""been""","Myrtle Beach, SC, USA",Willowray
"""been""","Noosa, Australia",Willowray
"""been""","Aranyaprathet, Thailand",Willowray
"""been""","Clayton, GA, USA",Willowray
"""been""","Annapolis, MD, USA",Willowray
"""been""","Mandurah, Australia",Willowray
"""been""","Camp Verde, AZ, USA",Willowray
"""been""","Pineda de Mar, Spain",Willowray
"""been""","Mesa Verde National Park, CO, USA",Willowray
"""been""","Campbellfield, Australia",Willowray
"""been"",""fave""","Ellicott City, MD, USA",Willowray
"""been""","Lisbon, Portugal",Willowray
"""been""","Batu Ferringhi, Malaysia",Willowray
"""been""","Saint Louis, MO, USA",Willowray
"""been""","Ormond Beach, FL, USA",Willowray
"""been""","Orlando, FL, USA",Willowray
"""been""","Port Fairy, Australia",Willowray
"""been""","Port Campbell, Australia",Willowray
"""been"",""fave""","Hopewell Cape, New Brunswick, Canada",Willowray
"""been"",""want""","Alma, New Brunswick, Canada",Willowray
"""been""","Havelock, New Zealand",Willowray
"""want""","Nuku'alofa, Tonga",Willowray
"""been""","Figueira da Foz, Portugal",Willowray
"""been""","Jurong, Singapore",Willowray
"""been""","Timaru, New Zealand",Willowray
"""been""","Mount Maunganui, New Zealand",Willowray
"""been""","Singapore, Singapore",Willowray
"""been""","Orewa, New Zealand",Willowray
"""been""","Ashburton, New Zealand",Willowray
"""been""","Lyttelton, New Zealand",Willowray
"""been""","Lorne, Australia",Willowray
"""been""","Klamath, CA, USA",Willowray
"""been""","Marina del Rey, CA, USA",Willowray
"""been""","Seligman, AZ, USA",Willowray
"""been""","Hobart, Australia",Willowray
"""been""","Ash Fork, AZ, USA",Willowray
"""been""","St. Stephen, New Brunswick, Canada",Willowray
"""been""","Sedona, AZ, USA",Willowray
"""been"",""fave""","Bulls, New Zealand",Willowray
"""been""","Masterton, New Zealand",Willowray
"""been"",""fave""","Cape Reinga, New Zealand",Willowray
"""been""","Port Stephens, Australia",Willowray
"""been""","Nadi, Fiji",Willowray
"""been""","Bastrop, LA, USA",Willowray
"""been""","Taumarunui, New Zealand",Willowray
"""been""","Ontario, OR, USA",Willowray
"""been""","Mystic, CT, USA",Willowray
"""been""","Eketahuna, New Zealand",Willowray
"""been""","Hassocks, UK",Willowray
"""been""","Featherston, New Zealand",Willowray
"""been""","Bordeaux, France",Willowray
"""been""","Satun, Thailand",Willowray
"""been""","Biarritz, France",Willowray
"""want""","Suva, Fiji",Willowray
"""been""","LaPlace, LA, USA",Willowray
"""been""","Woodville, New Zealand",Willowray
"""been""","Indian Springs, NV, USA",Willowray
"""been""","Bootle, UK",Willowray
"""been""","Redcliffe, Australia",Willowray
"""been""","Las Vegas, NV, USA",Willowray
"""been""","Motueka, New Zealand",Willowray
"""been""","Brunswick, GA, USA",Willowray
"""been""","Manchester, UK",Willowray
"""been""","Airlie Beach, Australia",Willowray
"""been""","Port Pirie, Australia",Willowray
"""been"",""fave""","Hahei, New Zealand",Willowray
"""been""","Manukau, New Zealand",Willowray
"""been""","Algeciras, Spain",Willowray
"""been""","Stuttgart, Germany",Willowray
"""been""","Eltham, New Zealand",Willowray
"""been""","Gladstone, Australia",Willowray
"""been""","Chicago, IL, USA",Willowray
"""been""","Cottonwood, AZ, USA",Willowray
"""been""","Los Angeles, CA, USA",Willowray
"""been""","Prescott Valley, AZ, USA",Willowray
"""been""","Dunkirk, France",Willowray
"""been""","Pismo Beach, CA, USA",Willowray
"""been""","Thunder Bay, Ontario, Canada",Willowray
"""been""","Ngongotaha, New Zealand",Willowray
"""been""","Toronto, Ontario, Canada",Willowray
"""been"",""fave""","Collingwood, Ontario, Canada",Willowray
"""been""","Fox Glacier, New Zealand",Willowray
"""been""","Wakaya Island, Fiji",Willowray
"""been""","Porirua, New Zealand",Willowray
"""been""","Vero Beach, FL, USA",Willowray
"""been""","Moana, New Zealand",Willowray
"""been""","Manly, Australia",Willowray
"""been""","Long Beach, CA, USA",Willowray
"""been""","Hobsonville, New Zealand",Willowray
"""been""","Death Valley National Park, CA, USA",Willowray
"""been""","Gloucester, UK",Willowray
"""been""","Hampton, VA, USA",Willowray
"""been""","Pai, Thailand",Willowray
"""been""","Mae Sai, Thailand",Willowray
"""been""","Franz Josef, New Zealand",Willowray
"""been""","Rapid City, SD, USA",Willowray
"""been""","Lampang, Thailand",Willowray
"""been""","Oshawa, Ontario, Canada",Willowray
"""been""","Laurel, MD, USA",Willowray
"""been""","Feldkirch, Austria",Willowray
